
== gerd |F| = 102 campo = 254951 reps = 200 swaps medios 1020.0
cantidad                    observado | campo: med [p2.5,p97.5] pct  | grados                       | uniforme                    
terreno_comun                     370 |  368.00 [ 131.80,1059.00]  50 |  379.50 [ 286.75, 451.00]  43 |  400.50 [ 164.33,1162.60]  42
puentes                           304 |  410.00 [ 388.98, 435.02]   0 |  304.00 [ 304.00, 304.00]   0 |  417.00 [ 397.00, 438.05]   0
base                              610 |  638.00 [ 628.00, 652.02]   0 |  610.00 [ 610.00, 610.00]   0 |  642.00 [ 629.00, 654.00]   0
regiones_distintas               1403 | 1402.00 [1383.95,1402.00] 100 | 1384.00 [1369.00,1398.03] 100 | 1402.00 [1378.97,1402.00] 100
frac_vacias                     0.973 |    0.98 [   0.96,   0.99]  15 |    0.96 [   0.94,   0.97]  94 |    0.98 [   0.96,   0.99]  17
intersecciones_distintas          165 |  170.00 [ 101.95, 234.03]  46 |  116.00 [  92.95, 162.05]  98 |  170.50 [  99.88, 222.00]  43
max_reg                           823 |  972.00 [ 743.98,1504.00]  13 |  845.00 [ 807.92, 889.00]  12 | 1083.00 [ 788.00,1504.00]   8
reparto_desigualdad             0.335 |    0.25 [   0.05,   0.54]  72 |    0.33 [   0.15,   0.45]  54 |    0.25 [   0.04,   0.56]  71
mediana_reg_puentes            29.500 |   10.00 [   8.00,  13.03] 100 |  315.00 [  66.00, 440.02]   0 |   10.00 [   8.00,  12.03] 100

== selene |F| = 218 campo = 115704 reps = 200 swaps medios 2180.0
cantidad                    observado | campo: med [p2.5,p97.5] pct  | grados                       | uniforme                    
terreno_comun                     551 | 1288.00 [ 794.90,1503.00]   0 |  693.50 [ 577.95, 749.00]   0 | 1058.00 [ 705.73,1423.68]   0
puentes                           442 |  629.00 [ 600.95, 651.02]   0 |  442.00 [ 442.00, 442.00]   0 |  650.50 [ 623.90, 678.00]   0
base                              673 |  756.50 [ 738.98, 772.02]   0 |  673.00 [ 673.00, 673.00]   0 |  770.00 [ 750.95, 790.02]   0
regiones_distintas               1271 | 1210.00 [1112.92,1284.00]  92 | 1248.00 [1235.00,1266.00] 100 | 1250.00 [1163.92,1285.00]  72
frac_vacias                     0.920 |    0.95 [   0.90,   1.00]  14 |    0.88 [   0.86,   0.92]  98 |    0.95 [   0.91,   0.99]  10
intersecciones_distintas          117 |  197.00 [  58.98, 261.15]  16 |  149.50 [ 123.83, 187.05]   2 |  215.00 [ 124.75, 291.02]   2
max_reg                          1047 | 1503.00 [1229.92,1503.00]   0 | 1038.50 [ 988.95,1058.00]  68 | 1375.50 [1131.55,1503.00]   0
reparto_desigualdad             0.220 |    0.12 [   0.00,   0.28]  92 |    0.15 [   0.10,   0.28]  87 |    0.12 [   0.02,   0.26]  91
mediana_reg_puentes           538.000 |   15.00 [  11.00,  31.00] 100 |  675.50 [ 551.98, 743.02]   1 |   11.00 [   8.49,  17.01] 100
